[1] 3.776823
[1] 1.943881
 [1] 3.7768227 1.8403081 3.8733711 3.7904339 2.6574082 0.8251925 1.2863214
 [8] 1.8720151 2.1753751 5.5931783 3.0941173 1.3971281 1.1093559 1.8773328
[15] 1.8674762 1.7558632 2.4654690 1.3171992 2.6828010 1.0405427
 [1] 1.943881 2.612757 2.329533 3.147079 2.119812 2.765595 3.526799 1.493046
 [9] 1.005392 2.232930 1.932121 1.629650 1.734595 1.530714 3.046441 3.619130
[17] 3.398165 1.738290 3.741526 1.887582
 [1] 27.27539 18.80349 27.36151 26.76214 22.39856 13.05734 15.55986 19.23752
 [9] 20.09286 32.26876 23.96127 16.24458 14.32065 19.19498 19.38019 18.72136
[17] 22.05843 15.99567 22.58850 14.62318
 [1] 19.48359 22.54170 21.01988 24.29121 20.70715 23.15153 25.64205 16.67460
 [9] 14.05512 21.15771 19.42023 18.26173 18.56524 17.10937 24.06523 25.90777
[17] 24.97388 18.56800 26.29470 19.04955
 [1]  TRUE FALSE  TRUE FALSE FALSE  TRUE FALSE  TRUE FALSE FALSE FALSE FALSE
[13] FALSE  TRUE  TRUE  TRUE  TRUE FALSE FALSE  TRUE
 [1]  TRUE  TRUE FALSE FALSE  TRUE  TRUE FALSE FALSE FALSE  TRUE  TRUE  TRUE
[13]  TRUE FALSE FALSE FALSE FALSE  TRUE FALSE FALSE
